---
layout: post
title: "Factor Analysis"
date: "March 26, 2016"
categories: ['statistics', 'multivariate analysis']
---

* TOC
{:toc}






{% highlight text %}
##          Math Science   CS  Eng Hist Classics
## Math     1.00    0.67 0.64 0.34 0.29     0.28
## Science  0.67    1.00 0.65 0.29 0.29     0.26
## CS       0.64    0.65 1.00 0.35 0.30     0.29
## Eng      0.34    0.29 0.35 1.00 0.71     0.72
## Hist     0.29    0.29 0.30 0.71 1.00     0.68
## Classics 0.28    0.26 0.29 0.72 0.68     1.00
{% endhighlight %}

<img src="/nhuyhoa/figure/source/2016-03-26-Factor-Analysis/unnamed-chunk-3-1.png" title="plot of chunk unnamed-chunk-3" alt="plot of chunk unnamed-chunk-3" style="display: block; margin: auto;" />

